temp_hyp_dir: temp_hyp
optimizer_choice: SGD
lr0: 0.014219955120213809
momentum: 0.9899657169321947
lrf: 0.5632242920454597
weight_decay: 1.67211678087477e-06
warmup_epochs: 1.4927727927657413
warmup_momentum: 0.6769271680127668
warmup_bias_lr: 0.07620162355567889
box: 0.6231514859883152
cls: 0.9869603323469577
cls_pw: 0.5923287467149287
obj: 0.9995694520108758
obj_pw: 1.9310511226244023
dfl: 0.7769514947264065
iou_t: 0.6991090056056197
anchor_t: 2.022035685077565
fl_gamma: 3.228575366686062
mosaic: 1.0
hsv_h: 0.015
hsv_s: 0.7
hsv_v: 0.4
degrees: 0.0
translate: 0.1
scale: 0.9
shear: 0.0
perspective: 0.0
flipud: 0.0
fliplr: 0.5
mixup: 0.15
copy_paste: 0.3
