temp_hyp_dir: temp_hyp
optimizer_choice: SGD
lr0: 0.023409615953827873
momentum: 0.9204485070886379
lrf: 0.6791045336353605
weight_decay: 3.130560750398663e-08
warmup_epochs: 1.013333386388797
warmup_momentum: 0.8459062590666518
warmup_bias_lr: 0.043938508502708876
box: 3.3956458543451613
cls: 0.7549578998598693
cls_pw: 0.8776698595058434
obj: 0.8032986002581675
obj_pw: 1.6285697306733908
dfl: 0.6402197793045772
iou_t: 0.5284368727535413
anchor_t: 7.045378487515517
fl_gamma: 1.2510429900598943
mosaic: 1.0
hsv_h: 0.015
hsv_s: 0.7
hsv_v: 0.4
degrees: 0.0
translate: 0.1
scale: 0.9
shear: 0.0
perspective: 0.0
flipud: 0.0
fliplr: 0.5
mixup: 0.15
copy_paste: 0.3
