temp_hyp_dir: temp_hyp
optimizer_choice: SGD
lr0: 0.02857708828756026
momentum: 0.9211882420949795
lrf: 0.5610303221514943
weight_decay: 6.370572188600314e-05
warmup_epochs: 1.7329283987823505
warmup_momentum: 0.685750049400982
warmup_bias_lr: 0.078962976286933
box: 3.856120200652038
cls: 0.9788774475939094
cls_pw: 0.5828312045629311
obj: 0.99218031976589
obj_pw: 1.9408360772193305
dfl: 0.8702342526544506
iou_t: 0.6784113346562646
anchor_t: 2.0775401400797437
fl_gamma: 3.5587055539983083
mosaic: 1.0
hsv_h: 0.015
hsv_s: 0.7
hsv_v: 0.4
degrees: 0.0
translate: 0.1
scale: 0.9
shear: 0.0
perspective: 0.0
flipud: 0.0
fliplr: 0.5
mixup: 0.15
copy_paste: 0.3
