temp_hyp_dir: temp_hyp
optimizer_choice: SGD
lr0: 0.000644466130447304
momentum: 0.8804997761701746
lrf: 0.17153155489502095
weight_decay: 2.483669743733079e-09
warmup_epochs: 0.5114915040319817
warmup_momentum: 0.8859993872343319
warmup_bias_lr: 0.06702737408250269
box: 9.657557960880483
cls: 0.8848032131890643
cls_pw: 1.4170732832934254
obj: 0.5178581019569202
obj_pw: 0.8276491324575668
dfl: 1.5647306063011805
iou_t: 0.5891648112552521
anchor_t: 5.566716531600922
fl_gamma: 3.6068962929936537
mosaic: 1.0
hsv_h: 0.015
hsv_s: 0.7
hsv_v: 0.4
degrees: 0.0
translate: 0.1
scale: 0.9
shear: 0.0
perspective: 0.0
flipud: 0.0
fliplr: 0.5
mixup: 0.15
copy_paste: 0.3
