temp_hyp_dir: temp_hyp
optimizer_choice: SGD
lr0: 0.004953760117385214
momentum: 0.9244003766869374
lrf: 0.4440524257875472
weight_decay: 1.1060476087218897e-07
warmup_epochs: 1.7571656423987358
warmup_momentum: 0.7799525558911077
warmup_bias_lr: 0.08016989421502796
box: 0.9635670823372758
cls: 0.8530821707805837
cls_pw: 0.7728519957645487
obj: 0.9214434245643444
obj_pw: 1.66028830782086
dfl: 0.5309732926711468
iou_t: 0.5798521725381683
anchor_t: 3.154696069253801
fl_gamma: 2.400745217942647
mosaic: 1.0
hsv_h: 0.015
hsv_s: 0.7
hsv_v: 0.4
degrees: 0.0
translate: 0.1
scale: 0.9
shear: 0.0
perspective: 0.0
flipud: 0.0
fliplr: 0.5
mixup: 0.15
copy_paste: 0.3
