temp_hyp_dir: temp_hyp
optimizer_choice: SGD
lr0: 0.00019051304748837064
momentum: 0.9616805647937247
lrf: 0.8850258808217176
weight_decay: 9.121433800979555e-06
warmup_epochs: 0.4535290912086082
warmup_momentum: 0.594851331871115
warmup_bias_lr: 0.05667889982779941
box: 9.878370423461039
cls: 0.8231374516908985
cls_pw: 1.3203672289993844
obj: 0.5856287142054047
obj_pw: 1.1544625695148594
dfl: 0.8155806471628028
iou_t: 0.45314091976824267
anchor_t: 9.52059751918633
fl_gamma: 4.448830381926195
mosaic: 1.0
hsv_h: 0.015
hsv_s: 0.7
hsv_v: 0.4
degrees: 0.0
translate: 0.1
scale: 0.9
shear: 0.0
perspective: 0.0
flipud: 0.0
fliplr: 0.5
mixup: 0.15
copy_paste: 0.3
