temp_hyp_dir: temp_hyp
optimizer_choice: SGD
lr0: 0.059747170265608295
momentum: 0.9608030947100046
lrf: 0.8508800332926156
weight_decay: 1.8901207220520678e-07
warmup_epochs: 4.353982923078873
warmup_momentum: 0.7266899827031881
warmup_bias_lr: 0.03190541515356691
box: 6.2390191214896245
cls: 0.750070196345962
cls_pw: 1.0810121161661488
obj: 0.8825733979432453
obj_pw: 1.097967691497399
dfl: 1.0964180483008286
iou_t: 0.2749724049543398
anchor_t: 5.401303555885971
fl_gamma: 0.36708136030752125
mosaic: 1.0
hsv_h: 0.015
hsv_s: 0.7
hsv_v: 0.4
degrees: 0.0
translate: 0.1
scale: 0.9
shear: 0.0
perspective: 0.0
flipud: 0.0
fliplr: 0.5
mixup: 0.15
copy_paste: 0.3
