temp_hyp_dir: temp_hyp
optimizer_choice: SGD
lr0: 0.001018434232447353
momentum: 0.8594735134214398
lrf: 0.1805814518577864
weight_decay: 0.004468102529672238
warmup_epochs: 4.084197257300092
warmup_momentum: 0.5448282729607857
warmup_bias_lr: 0.011884079421640806
box: 2.3500291011828054
cls: 0.9263671390212589
cls_pw: 1.9520167923375482
obj: 0.7292650030680958
obj_pw: 0.7211627265945185
dfl: 1.1840860983725898
iou_t: 0.12326675777599104
anchor_t: 3.233198407529411
fl_gamma: 2.694603437764671
mosaic: 1.0
hsv_h: 0.015
hsv_s: 0.7
hsv_v: 0.4
degrees: 0.0
translate: 0.1
scale: 0.9
shear: 0.0
perspective: 0.0
flipud: 0.0
fliplr: 0.5
mixup: 0.15
copy_paste: 0.3
