temp_hyp_dir: temp_hyp
optimizer_choice: Adam
lr0: 0.001129846620301846
momentum: 0.881707368845852
lrf: 0.7974611572567639
weight_decay: 3.715012571889091e-10
warmup_epochs: 3.039638712247008
warmup_momentum: 0.5819435417401458
warmup_bias_lr: 0.03882700461099773
box: 9.328683210191905
cls: 0.5556111148966084
cls_pw: 1.8495051254577322
obj: 0.6241238404075897
obj_pw: 1.3199725303155523
dfl: 1.9599130601692172
iou_t: 0.32090641507688256
anchor_t: 8.533203425188333
fl_gamma: 0.36183972877545545
mosaic: 1.0
hsv_h: 0.015
hsv_s: 0.7
hsv_v: 0.4
degrees: 0.0
translate: 0.1
scale: 0.9
shear: 0.0
perspective: 0.0
flipud: 0.0
fliplr: 0.5
mixup: 0.15
copy_paste: 0.3
