temp_hyp_dir: temp_hyp
optimizer_choice: SGD
lr0: 0.006265711997812108
momentum: 0.922999567459479
lrf: 0.638588381967288
weight_decay: 2.9794859302713642e-08
warmup_epochs: 0.9223405025262443
warmup_momentum: 0.7707696644571753
warmup_bias_lr: 0.06319875645185602
box: 3.0100275976668045
cls: 0.8959127403174318
cls_pw: 0.8189043789959
obj: 0.8144887770801688
obj_pw: 1.6822969094882938
dfl: 0.6721373126429772
iou_t: 0.5526141117553786
anchor_t: 6.782707230896242
fl_gamma: 2.716320504003439 
lambda_ewc: 1.418891576854049e-05
mosaic: 1.0
hsv_h: 0.015
hsv_s: 0.7
hsv_v: 0.4
degrees: 0.0
translate: 0.1
scale: 0.9
shear: 0.0
perspective: 0.0
flipud: 0.0
fliplr: 0.5
mixup: 0.15
copy_paste: 0.3
