temp_hyp_dir: temp_hyp
optimizer_choice: SGD
lr0: 0.007088578832518564
momentum: 0.9851780567919105
lrf: 0.5346235934922151
weight_decay: 5.2872205872888274e-05
warmup_epochs: 1.637478962372085
warmup_momentum: 0.7205218602151282
warmup_bias_lr: 0.07450735778767412
box: 0.8468470180506933
cls: 0.9823402596724485
cls_pw: 0.5097695877637816
obj: 0.9895124284365476
obj_pw: 1.8979626008595665
dfl: 0.8928137615008022
iou_t: 0.6854751353727482
anchor_t: 2.0573927532436507
fl_gamma: 3.3810372236821165
mosaic: 1.0
hsv_h: 0.015
hsv_s: 0.7
hsv_v: 0.4
degrees: 0.0
translate: 0.1
scale: 0.9
shear: 0.0
perspective: 0.0
flipud: 0.0
fliplr: 0.5
mixup: 0.15
copy_paste: 0.3
