temp_hyp_dir: temp_hyp
optimizer_choice: Adam
lr0: 0.007453383159928418
momentum: 0.8947802872658639
lrf: 0.37113017867554726
weight_decay: 3.007684130791975e-09
warmup_epochs: 4.6958522128000215
warmup_momentum: 0.5295649979764356
warmup_bias_lr: 0.016571694453567515
box: 6.705176831431472
cls: 0.6330528939253917
cls_pw: 1.115262137436167
obj: 0.689649096984011
obj_pw: 1.3402446708980225
dfl: 1.9544404259202763
iou_t: 0.17566441353330436
anchor_t: 5.0
fl_gamma: 2.0457330496986033
mosaic: 1.0
hsv_h: 0.015
hsv_s: 0.7
hsv_v: 0.4
degrees: 0.0
translate: 0.1
scale: 0.9
shear: 0.0
perspective: 0.0
flipud: 0.0
fliplr: 0.5
mixup: 0.15
copy_paste: 0.3
