temp_hyp_dir: temp_hyp
optimizer_choice: SGD
lr0: 0.007285479731330008
momentum: 0.9508958535285345
lrf: 0.987019297002317
weight_decay: 2.469314455877621e-10
warmup_epochs: 3.2532268559574335
warmup_momentum: 0.6159311721742188
warmup_bias_lr: 0.09896705650089897
box: 1.8994349962825465
cls: 0.5458101200372083
cls_pw: 1.7600917790834927
obj: 0.5626255507996789
obj_pw: 1.4243368729560444
dfl: 0.5478796476600198
iou_t: 0.4871320426701212
anchor_t: 5.156586818849467
fl_gamma: 4.822133272823114
mosaic: 1.0
hsv_h: 0.015
hsv_s: 0.7
hsv_v: 0.4
degrees: 0.0
translate: 0.1
scale: 0.9
shear: 0.0
perspective: 0.0
flipud: 0.0
fliplr: 0.5
mixup: 0.15
copy_paste: 0.3
