temp_hyp_dir: temp_hyp
optimizer_choice: Adam
lr0: 0.0002638338455212003
momentum: 0.9781174303195928
lrf: 0.09500420868809674
weight_decay: 1.4657589179823173e-09
warmup_epochs: 3.4055672730144684
warmup_momentum: 0.8921225400067463
warmup_bias_lr: 0.09750379734199811
box: 5.023593519663063
cls: 0.5598655801322063
cls_pw: 1.8727756807550437
obj: 0.7530859870487632
obj_pw: 0.7585784121505605
dfl: 1.3937657876513923
iou_t: 0.102795018264884
anchor_t: 4.622600501767197
fl_gamma: 4.584616147183303
mosaic: 1.0
hsv_h: 0.015
hsv_s: 0.7
hsv_v: 0.4
degrees: 0.0
translate: 0.1
scale: 0.9
shear: 0.0
perspective: 0.0
flipud: 0.0
fliplr: 0.5
mixup: 0.15
copy_paste: 0.3
