temp_hyp_dir: temp_hyp
optimizer_choice: SGD
lr0: 0.0024687905293249786
momentum: 0.9794540927610964
lrf: 0.2799429038966292
weight_decay: 9.694086207847176e-05
warmup_epochs: 3.8106971382611476
warmup_momentum: 0.784028469159619
warmup_bias_lr: 0.05759030085967854
box: 2.0037731613920755
cls: 0.5190794170463282
cls_pw: 1.0408808833777312
obj: 0.8716421779708887
obj_pw: 1.463309838075036
dfl: 1.0990330594389823
iou_t: 0.42499344771386605
anchor_t: 4.80448410386837
fl_gamma: 4.290446475262383
mosaic: 1.0
hsv_h: 0.015
hsv_s: 0.7
hsv_v: 0.4
degrees: 0.0
translate: 0.1
scale: 0.9
shear: 0.0
perspective: 0.0
flipud: 0.0
fliplr: 0.5
mixup: 0.15
copy_paste: 0.3
