temp_hyp_dir: temp_hyp
optimizer_choice: SGD
lr0: 0.0018937642368482082
momentum: 0.9111300042163416
lrf: 0.40226512278865045
weight_decay: 1.1769318222505458e-07
warmup_epochs: 2.2487455960446554
warmup_momentum: 0.8234822015799981
warmup_bias_lr: 0.08520787378342337
box: 3.735352312154733
cls: 0.8286348580735712
cls_pw: 0.7914701685995555
obj: 0.8903637647249203
obj_pw: 1.6753473581625835
dfl: 0.5748340589834664
iou_t: 0.5630133302085383
anchor_t: 3.5339206199235624
fl_gamma: 1.885239492034685
mosaic: 1.0
hsv_h: 0.015
hsv_s: 0.7
hsv_v: 0.4
degrees: 0.0
translate: 0.1
scale: 0.9
shear: 0.0
perspective: 0.0
flipud: 0.0
fliplr: 0.5
mixup: 0.15
copy_paste: 0.3
