temp_hyp_dir: temp_hyp
optimizer_choice: Adam
lr0: 1.0138543484142002e-05
momentum: 0.9635790739081016
lrf: 0.6631644496529918
weight_decay: 2.1850985690335048e-08
warmup_epochs: 0.026588338008274093
warmup_momentum: 0.7654595252747077
warmup_bias_lr: 0.06211004703506741
box: 4.948449955879941
cls: 0.831732473573753
cls_pw: 0.8271385138980047
obj: 0.8291032428919308
obj_pw: 1.6749234420675922
dfl: 0.5042812525159517
iou_t: 0.35361736834809665
anchor_t: 6.390139790027468
fl_gamma: 2.5284028429786773
mosaic: 1.0
hsv_h: 0.015
hsv_s: 0.7
hsv_v: 0.4
degrees: 0.0
translate: 0.1
scale: 0.9
shear: 0.0
perspective: 0.0
flipud: 0.0
fliplr: 0.5
mixup: 0.15
copy_paste: 0.3
