temp_hyp_dir: temp_hyp
optimizer_choice: Adam
lr0: 2.299536133664295e-05
momentum: 0.8533015736034297
lrf: 0.7552751266629453
weight_decay: 0.0007903543668596281
warmup_epochs: 3.26511375284533
warmup_momentum: 0.8068979597268708
warmup_bias_lr: 0.09528098068676341
box: 2.082470418501373
cls: 0.6183067149172354
cls_pw: 1.0380449917111108
obj: 0.5763071903772236
obj_pw: 0.5733698627742787
dfl: 1.2371154202618486
iou_t: 0.10678171499197708
anchor_t: 7.948166683397019
fl_gamma: 1.3290545884010396
mosaic: 1.0
hsv_h: 0.015
hsv_s: 0.7
hsv_v: 0.4
degrees: 0.0
translate: 0.1
scale: 0.9
shear: 0.0
perspective: 0.0
flipud: 0.0
fliplr: 0.5
mixup: 0.15
copy_paste: 0.3
