temp_hyp_dir: temp_hyp
optimizer_choice: SGD
lr0: 0.00044173725486142297
momentum: 0.8999043200240671
lrf: 0.35762371939558957
weight_decay: 1.026312936179966e-06
warmup_epochs: 2.618891187260516
warmup_momentum: 0.6461059450617879
warmup_bias_lr: 0.08681407048149772
box: 3.1432396911185103
cls: 0.8946403712967106
cls_pw: 0.7344800439817265
obj: 0.9241895423466211
obj_pw: 1.5507200136642203
dfl: 1.6135528563240689
iou_t: 0.5875338433421226
anchor_t: 6.686217032329422
fl_gamma: 1.6240034553876033
mosaic: 1.0
hsv_h: 0.015
hsv_s: 0.7
hsv_v: 0.4
degrees: 0.0
translate: 0.1
scale: 0.9
shear: 0.0
perspective: 0.0
flipud: 0.0
fliplr: 0.5
mixup: 0.15
copy_paste: 0.3
