temp_hyp_dir: temp_hyp
optimizer_choice: SGD
lr0: 0.006724504932352452
momentum: 0.9873291988090076
lrf: 0.5241513061483055
weight_decay: 4.2207916061072665e-05
warmup_epochs: 1.574236245890404
warmup_momentum: 0.7153299057354863
warmup_bias_lr: 0.07434325144996473
box: 0.5378464847762379
cls: 0.999423822508333
cls_pw: 0.5512292375253764
obj: 0.9588081953984986
obj_pw: 1.890374405348189
dfl: 0.8996456735765426
iou_t: 0.653812296413565
anchor_t: 2.135408123862079
fl_gamma: 3.4694474916325273
mosaic: 1.0
hsv_h: 0.015
hsv_s: 0.7
hsv_v: 0.4
degrees: 0.0
translate: 0.1
scale: 0.9
shear: 0.0
perspective: 0.0
flipud: 0.0
fliplr: 0.5
mixup: 0.15
copy_paste: 0.3
